mean:40.00946858359476 15.025154566701781
std:4.8101438894455 1.367316317073102
